21 0.3 1.57314e-36
20.7 0.6 2.47607e-34
20.7 0.9 4.98063e-33
20.7 1.2 9.14951e-32
20.7 1.5 1.53498e-30
20.7 1.8 2.35181e-29
20.7 2.1 3.29074e-28
20.7 2.4 4.20511e-27
20.7 2.7 4.90743e-26
20.7 3 5.23025e-25
20.7 3.3 5.09077e-24
20.7 3.6 4.5252e-23
20.7 3.9 3.67353e-22
20.7 4.2 2.72347e-21
20.7 4.5 1.84397e-20
20.4 4.8 7.02569e-19
20.1 5.1 2.28785e-17
19.8 5.4 6.36749e-16
19.5 5.7 1.51465e-14
19.2 6 3.07934e-13
18.9 6.3 5.35067e-12
18.6 6.6 7.94622e-11
18.3 6.9 1.00859e-09
18 7.2 1.09414e-08
17.7 7.5 1.01446e-07
17.4 7.8 8.03895e-07
17.1 8.1 5.4446e-06
16.8 8.4 3.15164e-05
16.5 8.7 0.000155923
16.2 9 0.000659302
15.9 9.3 0.00238267
15.6 9.6 0.00735944
15.3 9.9 0.0194281
15 10.2 0.0438346
14.7 10.5 0.0845295
14.4 10.8 0.13932
14.1 11.1 0.196291
14.1 11.4 0.143626
14.4 11.7 0.0555902
14.4 12 0.0342322
14.7 12.3 0.0106936
15 12.6 0.00293062
15.3 12.9 0.00070471
15.6 13.2 0.000148703
15.9 13.5 2.75354e-05
16.2 13.8 4.47365e-06
16.5 14.1 6.37544e-07
16.8 14.4 7.96603e-08
17.1 14.7 8.72192e-09
17.4 15 8.36269e-10
17.7 15.3 7.01736e-11
18 15.6 5.15064e-12
18.3 15.9 3.30556e-13
18.6 16.2 1.85461e-14
18.9 16.5 9.09731e-16
19.2 16.8 3.90259e-17
19.5 17.1 1.4648e-18
19.8 17.4 4.81337e-20
20.1 17.7 1.38562e-21
20.4 18 3.49638e-23
20.7 18.3 7.73743e-25
20.7 18.6 7.95411e-26
20.7 18.9 8.79355e-27
20.7 19.2 1.2447e-27
20.7 19.5 2.35391e-28
20.7 19.8 5.07826e-29
20.7 20.1 1.0865e-29
20.7 20.4 2.1763e-30
20.7 20.7 4.0089e-31
20.7 21 6.75704e-32
20.7 21.3 1.04066e-32
20.7 21.6 1.46391e-33
20.7 21.9 1.88075e-34
20.7 22.2 2.20671e-35
20.7 22.5 2.36458e-36
20.7 22.8 2.31395e-37
20.7 23.1 2.06798e-38
20.7 23.4 1.68784e-39
21 23.7 6.15839e-42
21 24 4.22663e-43
21 24.3 2.64919e-44
21 24.6 1.51644e-45
20.7 24.9 1.56728e-45
20.7 25.2 7.42143e-47
20.7 25.5 3.20937e-48
20.7 25.8 1.26749e-49
20.7 26.1 4.57156e-51
20.7 26.4 1.50583e-52
20.7 26.7 4.52979e-54
20.7 27 1.24444e-55
